	LOCATION	TOTAL	NEG	POS	LAT	LON
	Kerala	13339	12335	364	8.90000454	76.5522452
	Tamil Nadu	8410	6838	911	12.9226615	79.1500454
	Madhya Pradesh	7049	4840	451	21.3112121	76.1354544
	Maharashtra	31841	30477	1364	19.2523555	73.1661155
	Orissa	3249	3201	48	19.8251551	85.9515155
	Punjab	3461	2972	151	31.5195159	75.9864545
	Rajasthan	22324	20673	520	26.4451515	74.6361515
	Andhra Pradesh	6374	5993	381	14.7121215	78.7311218
	Chandigarh	223	199	19	30.7199212	76.7861161
	Delhi	11061	9662	903	28.6661522	77.2112113
	Gujarat	7718	7237	378	22.2587621	71.1924112
	Jammu and Kashmir	2961	2754	207	34.29995933	74.46665849
	Karnataka	7975	7673	207	12.57038129	76.91999711
						
						
						
						
						
						
						
						
						
						
						
						
						
						
						
						
						
						
						
						
						
						
						
						
						
						
						
						
						
						
						
						
						
						
						
						
						
						
						
						
						
						
						
						
						
						
						
						
						
						
						
						
						
						
						
						
						
						
						
						
						
						
						
						
						
						
						
						
						
						
						
						
						
						
						
						
						
						
						
						
						
						
						
						
						
						
						
						
						
						
						
						
						
						
						
						
						
						
						
						
						
						
						
						
						
						
						
						
						
						
						
						
						
						
						
						
						
						
						
						
						
						
						
						
						
						
						
						
						
						
						
						
						
						
						
						
						
						
						
						
						
						
						
						
						
						
						
						
						
						
						
						
						
						
						
						
						
						
						
						
						
						
						
						
						
						
						
						
						
						
						
						
						
						
						
						
						
						
						
						
						
						
						
						
						
						
						
						
