LOCATION,TOTAL,NEG,POS,LAT,LON
Kerala,13339,12335,364,10.8505,76.2711
Tamil Nadu,8410,6838,911,11.1271,78.6569
Madhya Pradesh,7049,4840,451,22.9734,78.6569
Maharashtra,31841,30477,1364,19.7515,75.7139
Orissa,3249,3201,48,20.9517,85.0985
Punjab,3461,2972,151,31.1471,75.3412
Rajasthan,22324,20673,520,27.0238,74.2179
Andhra Pradesh,6374,5993,381,15.9129,79.7400
Chandigarh,223,199,19,30.733,76.7794
Delhi,11061,9662,903,28.7041,77.1025
Gujarat,7718,7237,378,22.2587,71.1924
Jammu and Kashmir,2961,2754,207,33.7782,76.5762
Karnataka,7975,7673,207,15.3173,75.7139
Uttar Pradesh,4662,3246,1416,26.8467,80.9462
						
						
						
						
						
						
						
						
						
						
						
						
						
						
						
						
						
						
						
						
						
						
						
						
						
						
						
						
						
						
						
						
						
						
						
						
						
						
						
						
						
						
						
						
						
						
						
						
						
						
						
						
						
						
						
						
						
						
						
						
						
						
						
						
						
						
						
						
						
						
						
						
						
						
						
						
						
						
						
						
						
						
						
						
						
						
						
						
						
						
						
						
						
						
						
						
						
						
						
						
						
						
						
						
						
						
						
						
						
						
						
						
						
						
						
						
						
						
						
						
						
						
						
						
						
						
						
						
						
						
						
						
						
						
						
						
						
						
						
						
						
						
						
						
						
						
						
						
						
						
						
						
						
						
						
						
						
						
						
						
						
						
						
						
						
						
						
						
						
						
						
						
						
						
						
						
						
						
						
						
						
						
						
						
						
						
						
						
